114.7702
0.0000
576.5046
780.2713
1339.4532
1106.2628
1014.7221
1032.8583
755.6415
911.8799
1078.4071
1644.6699
245.7996
163.6612
539.9778
899.0771
1220.7748
1204.8841
1184.0853
974.0035
966.1658
1164.2196
1019.9056
1988.4413
401.0389
197.1411
807.5519
1185.3433
1396.6800
1397.1208
1441.0310
1186.2450
1224.4550
1259.1668
1312.7442
2317.3445
488.8136
434.4108
1244.2161
1410.4627
1739.2689
1893.5066
1622.6145
1570.7036
1586.5842
1543.6539
1680.4384
2782.3087
732.5784
624.9838
1400.6608
1484.2886
2003.7517
2156.5630
1741.3264
1882.1612
1771.2423
1590.7401
1798.2714
2682.0053
851.7196
889.4608
1441.8611
1655.2518
2237.1476
2098.4273
1919.8664
2042.9654
1699.6675
1989.3557
2149.6180
2837.5974
1248.7515
1024.5901
1603.4973
2186.3587
2757.5027
2488.8988
2486.8918
2353.6808
2212.9116
2466.0312
2311.1477
3526.7350
1474.2830
1226.2214
1916.0629
2468.8082
2947.1978
2773.3699
2757.5154
2471.7285
2506.8108
2598.8632
2458.1555
3623.7065
1659.6747
1453.8740
2358.1230
2755.5628
3100.1627
3138.3880
3127.2385
2845.1219
2860.3903
2815.3198
2857.4007
4223.1672
1893.8265
1845.1622
2843.1040
2841.8695
3567.0149
3642.4769
3345.5939
3419.9744
3316.2530
3046.0248
3275.6052
4464.3540
2232.6771
1925.5637
3036.8152
3226.5697
4075.7601
3985.4396
3526.9336
3742.1924
3198.3801
3371.0549
3669.7461
4840.5209
2695.8290
2280.1040
3298.4078
3763.9106
4472.3851
4281.0789
4161.9787
4238.5656
3671.2687
3955.8118
3994.1616
5056.8713
2944.2724
2595.3544
3516.4404
3936.7298
4823.6572
4426.0373
4579.4187
4476.2285
4044.5102
4244.1995
4024.3978
5327.6546
3070.2191
2866.8126
3912.5096
4341.4994
4839.9490
4901.3455
4950.6376
4590.6044
4514.0666
4566.9732
4510.7023
5918.0421
3260.3544
3136.1161
4343.7644
4872.0563
5228.0229
5497.1227
5405.3815
5248.2855
4954.9934
4777.1641
4932.0793
6490.0273
3655.1025
3426.6301
4914.1172
5269.7589
6006.0878
6046.9342
5860.0533
6045.8957
5520.6644
5196.7999
5416.7925
6986.3672
4126.4917
3801.7719
5457.7897
5669.8070
6941.0295
6708.9722
6201.9128
6556.4127
5785.1216
5788.4286
6058.1048
7356.3149
4852.2179
4559.8914
5486.1486
6369.9507
7296.1770
6784.6719
6993.2507
6767.0014
6334.7278
6339.8766
5830.8297
6894.1202
4500.1362
3869.4399
5071.7662
5754.7287
6645.7969
6526.7258
6612.7729
6311.1334
6175.8887
6333.3922
5863.5420
7610.6872
4889.8870
4352.2028
6025.2950
6422.2033
6938.4242
7083.4270
7072.5538
6666.6134
6541.9654
6565.9833
6670.1777
8185.9851
5028.0929
4660.0057
6324.4576
6835.7627
7366.8402
7576.2967
7310.2571
7233.3897
7058.0191
6880.1642
7136.5872
8698.8379
5337.1679
5264.6051
6808.8155
6767.1038
8037.1871
7827.1261
7389.1297
7703.5938
7108.7958
7219.2195
7379.8922
8276.0874
5657.5073
5145.6914
6710.4697
7196.4255
8563.5536
7927.4655
7993.1475
8209.6271
7399.5259
7766.8398
7854.7191
8621.4758
6028.7668
5480.8219
6947.8363
7832.4431
9039.5088
8458.2390
8750.5074
8506.0400
8151.5393
8351.7275
8138.5439
9173.6646
5986.5258
5551.9265
7207.7816
7961.3186
9116.4695
8829.6156
9017.3548
8620.5654
8410.9294
8545.1408
8330.8165
9493.3397
6407.7206
6205.4945
7725.3138
8643.8712
9292.4124
9308.7970
9024.1295
8992.4720
8814.7861
8614.4288
9014.5547
10000.0000
6728.1852
